Vertex Count: 186

Data:

0.195090 -1.000000 0.980785 0.296822 0.514612 0.0878 0.4455 0.8910 
0.000000 1.000000 -0.000000 0.250000 0.750000 0.0878 0.4455 0.8910 
0.000000 -1.000000 1.000000 0.250000 0.510000 0.0878 0.4455 0.8910 
0.382683 -1.000000 0.923880 0.341844 0.528269 0.2599 0.4455 0.8567 
0.000000 1.000000 -0.000000 0.250000 0.750000 0.2599 0.4455 0.8567 
0.195090 -1.000000 0.980785 0.296822 0.514612 0.2599 0.4455 0.8567 
0.555570 -1.000000 0.831470 0.383337 0.550447 0.4220 0.4455 0.7896 
0.000000 1.000000 -0.000000 0.250000 0.750000 0.4220 0.4455 0.7896 
0.382683 -1.000000 0.923880 0.341844 0.528269 0.4220 0.4455 0.7896 
0.707107 -1.000000 0.707107 0.419706 0.580294 0.5680 0.4455 0.6921 
0.000000 1.000000 -0.000000 0.250000 0.750000 0.5680 0.4455 0.6921 
0.555570 -1.000000 0.831470 0.383337 0.550447 0.5680 0.4455 0.6921 
0.831470 -1.000000 0.555570 0.449553 0.616663 0.6921 0.4455 0.5680 
0.000000 1.000000 -0.000000 0.250000 0.750000 0.6921 0.4455 0.5680 
0.707107 -1.000000 0.707107 0.419706 0.580294 0.6921 0.4455 0.5680 
0.923880 -1.000000 0.382683 0.471731 0.658156 0.7896 0.4455 0.4220 
0.000000 1.000000 -0.000000 0.250000 0.750000 0.7896 0.4455 0.4220 
0.831470 -1.000000 0.555570 0.449553 0.616663 0.7896 0.4455 0.4220 
0.980785 -1.000000 0.195090 0.485388 0.703178 0.8567 0.4455 0.2599 
0.000000 1.000000 -0.000000 0.250000 0.750000 0.8567 0.4455 0.2599 
0.923880 -1.000000 0.382683 0.471731 0.658156 0.8567 0.4455 0.2599 
1.000000 -1.000000 0.000000 0.490000 0.750000 0.8910 0.4455 0.0878 
0.000000 1.000000 -0.000000 0.250000 0.750000 0.8910 0.4455 0.0878 
0.980785 -1.000000 0.195090 0.485388 0.703178 0.8910 0.4455 0.0878 
0.980785 -1.000000 -0.195090 0.485388 0.796822 0.8910 0.4455 -0.0878 
0.000000 1.000000 -0.000000 0.250000 0.750000 0.8910 0.4455 -0.0878 
1.000000 -1.000000 0.000000 0.490000 0.750000 0.8910 0.4455 -0.0878 
0.923880 -1.000000 -0.382683 0.471731 0.841844 0.8567 0.4455 -0.2599 
0.000000 1.000000 -0.000000 0.250000 0.750000 0.8567 0.4455 -0.2599 
0.980785 -1.000000 -0.195090 0.485388 0.796822 0.8567 0.4455 -0.2599 
0.831470 -1.000000 -0.555570 0.449553 0.883337 0.7896 0.4455 -0.4220 
0.000000 1.000000 -0.000000 0.250000 0.750000 0.7896 0.4455 -0.4220 
0.923880 -1.000000 -0.382683 0.471731 0.841844 0.7896 0.4455 -0.4220 
0.707107 -1.000000 -0.707107 0.419706 0.919706 0.6921 0.4455 -0.5680 
0.000000 1.000000 -0.000000 0.250000 0.750000 0.6921 0.4455 -0.5680 
0.831470 -1.000000 -0.555570 0.449553 0.883337 0.6921 0.4455 -0.5680 
0.555570 -1.000000 -0.831470 0.383337 0.949553 0.5680 0.4455 -0.6921 
0.000000 1.000000 -0.000000 0.250000 0.750000 0.5680 0.4455 -0.6921 
0.707107 -1.000000 -0.707107 0.419706 0.919706 0.5680 0.4455 -0.6921 
0.382683 -1.000000 -0.923880 0.341844 0.971731 0.4220 0.4455 -0.7896 
0.000000 1.000000 -0.000000 0.250000 0.750000 0.4220 0.4455 -0.7896 
0.555570 -1.000000 -0.831470 0.383337 0.949553 0.4220 0.4455 -0.7896 
0.195090 -1.000000 -0.980785 0.296822 0.985388 0.2599 0.4455 -0.8567 
0.000000 1.000000 -0.000000 0.250000 0.750000 0.2599 0.4455 -0.8567 
0.382683 -1.000000 -0.923880 0.341844 0.971731 0.2599 0.4455 -0.8567 
-0.000000 -1.000000 -1.000000 0.250000 0.990000 0.0878 0.4455 -0.8910 
0.000000 1.000000 -0.000000 0.250000 0.750000 0.0878 0.4455 -0.8910 
0.195090 -1.000000 -0.980785 0.296822 0.985388 0.0878 0.4455 -0.8910 
-0.195091 -1.000000 -0.980785 0.203178 0.985388 -0.0878 0.4455 -0.8910 
0.000000 1.000000 -0.000000 0.250000 0.750000 -0.0878 0.4455 -0.8910 
-0.000000 -1.000000 -1.000000 0.250000 0.990000 -0.0878 0.4455 -0.8910 
-0.382684 -1.000000 -0.923879 0.158156 0.971731 -0.2599 0.4455 -0.8567 
0.000000 1.000000 -0.000000 0.250000 0.750000 -0.2599 0.4455 -0.8567 
-0.195091 -1.000000 -0.980785 0.203178 0.985388 -0.2599 0.4455 -0.8567 
-0.555571 -1.000000 -0.831469 0.116663 0.949553 -0.4220 0.4455 -0.7896 
0.000000 1.000000 -0.000000 0.250000 0.750000 -0.4220 0.4455 -0.7896 
-0.382684 -1.000000 -0.923879 0.158156 0.971731 -0.4220 0.4455 -0.7896 
-0.707107 -1.000000 -0.707106 0.080294 0.919706 -0.5680 0.4455 -0.6921 
0.000000 1.000000 -0.000000 0.250000 0.750000 -0.5680 0.4455 -0.6921 
-0.555571 -1.000000 -0.831469 0.116663 0.949553 -0.5680 0.4455 -0.6921 
-0.831470 -1.000000 -0.555570 0.050447 0.883337 -0.6921 0.4455 -0.5680 
0.000000 1.000000 -0.000000 0.250000 0.750000 -0.6921 0.4455 -0.5680 
-0.707107 -1.000000 -0.707106 0.080294 0.919706 -0.6921 0.4455 -0.5680 
-0.923880 -1.000000 -0.382683 0.028269 0.841844 -0.7896 0.4455 -0.4220 
0.000000 1.000000 -0.000000 0.250000 0.750000 -0.7896 0.4455 -0.4220 
-0.831470 -1.000000 -0.555570 0.050447 0.883337 -0.7896 0.4455 -0.4220 
-0.980785 -1.000000 -0.195089 0.014611 0.796821 -0.8567 0.4455 -0.2599 
0.000000 1.000000 -0.000000 0.250000 0.750000 -0.8567 0.4455 -0.2599 
-0.923880 -1.000000 -0.382683 0.028269 0.841844 -0.8567 0.4455 -0.2599 
-1.000000 -1.000000 0.000001 0.010000 0.750000 -0.8910 0.4455 -0.0878 
0.000000 1.000000 -0.000000 0.250000 0.750000 -0.8910 0.4455 -0.0878 
-0.980785 -1.000000 -0.195089 0.014611 0.796821 -0.8910 0.4455 -0.0878 
-0.980785 -1.000000 0.195091 0.014612 0.703178 -0.8910 0.4455 0.0878 
0.000000 1.000000 -0.000000 0.250000 0.750000 -0.8910 0.4455 0.0878 
-1.000000 -1.000000 0.000001 0.010000 0.750000 -0.8910 0.4455 0.0878 
-0.923879 -1.000000 0.382684 0.028269 0.658156 -0.8567 0.4455 0.2599 
0.000000 1.000000 -0.000000 0.250000 0.750000 -0.8567 0.4455 0.2599 
-0.980785 -1.000000 0.195091 0.014612 0.703178 -0.8567 0.4455 0.2599 
-0.831469 -1.000000 0.555571 0.050447 0.616663 -0.7896 0.4455 0.4220 
0.000000 1.000000 -0.000000 0.250000 0.750000 -0.7896 0.4455 0.4220 
-0.923879 -1.000000 0.382684 0.028269 0.658156 -0.7896 0.4455 0.4220 
-0.707106 -1.000000 0.707108 0.080295 0.580294 -0.6921 0.4455 0.5680 
0.000000 1.000000 -0.000000 0.250000 0.750000 -0.6921 0.4455 0.5680 
-0.831469 -1.000000 0.555571 0.050447 0.616663 -0.6921 0.4455 0.5680 
-0.555569 -1.000000 0.831470 0.116663 0.550447 -0.5680 0.4455 0.6921 
0.000000 1.000000 -0.000000 0.250000 0.750000 -0.5680 0.4455 0.6921 
-0.707106 -1.000000 0.707108 0.080295 0.580294 -0.5680 0.4455 0.6921 
-0.382682 -1.000000 0.923880 0.158156 0.528269 -0.4220 0.4455 0.7896 
0.000000 1.000000 -0.000000 0.250000 0.750000 -0.4220 0.4455 0.7896 
-0.555569 -1.000000 0.831470 0.116663 0.550447 -0.4220 0.4455 0.7896 
-0.980785 -1.000000 -0.195089 0.514611 0.796821 0.0000 -1.0000 0.0000 
0.195090 -1.000000 -0.980785 0.796822 0.985388 0.0000 -1.0000 0.0000 
0.980785 -1.000000 0.195090 0.985388 0.703178 0.0000 -1.0000 0.0000 
-0.195089 -1.000000 0.980786 0.203179 0.514611 -0.2599 0.4455 0.8567 
0.000000 1.000000 -0.000000 0.250000 0.750000 -0.2599 0.4455 0.8567 
-0.382682 -1.000000 0.923880 0.158156 0.528269 -0.2599 0.4455 0.8567 
0.000000 -1.000000 1.000000 0.250000 0.510000 -0.0878 0.4455 0.8910 
0.000000 1.000000 -0.000000 0.250000 0.750000 -0.0878 0.4455 0.8910 
-0.195089 -1.000000 0.980786 0.203179 0.514611 -0.0878 0.4455 0.8910 
0.195090 -1.000000 0.980785 0.796822 0.514612 0.0000 -1.0000 0.0000 
0.000000 -1.000000 1.000000 0.750000 0.510000 0.0000 -1.0000 0.0000 
-0.195089 -1.000000 0.980786 0.703179 0.514611 0.0000 -1.0000 0.0000 
0.555570 -1.000000 0.831470 0.883337 0.550447 0.0000 -1.0000 0.0000 
0.382683 -1.000000 0.923880 0.841844 0.528269 0.0000 -1.0000 0.0000 
0.195090 -1.000000 0.980785 0.796822 0.514612 0.0000 -1.0000 0.0000 
0.831470 -1.000000 0.555570 0.949553 0.616663 0.0000 -1.0000 0.0000 
0.707107 -1.000000 0.707107 0.919706 0.580294 0.0000 -1.0000 0.0000 
0.555570 -1.000000 0.831470 0.883337 0.550447 0.0000 -1.0000 0.0000 
0.555570 -1.000000 0.831470 0.883337 0.550447 0.0000 -1.0000 0.0000 
0.923880 -1.000000 0.382683 0.971731 0.658156 0.0000 -1.0000 0.0000 
0.831470 -1.000000 0.555570 0.949553 0.616663 0.0000 -1.0000 0.0000 
0.555570 -1.000000 0.831470 0.883337 0.550447 0.0000 -1.0000 0.0000 
0.980785 -1.000000 0.195090 0.985388 0.703178 0.0000 -1.0000 0.0000 
0.923880 -1.000000 0.382683 0.971731 0.658156 0.0000 -1.0000 0.0000 
0.980785 -1.000000 -0.195090 0.985388 0.796822 0.0000 -1.0000 0.0000 
1.000000 -1.000000 0.000000 0.990000 0.750000 0.0000 -1.0000 0.0000 
0.980785 -1.000000 0.195090 0.985388 0.703178 0.0000 -1.0000 0.0000 
0.980785 -1.000000 0.195090 0.985388 0.703178 0.0000 -1.0000 0.0000 
0.923880 -1.000000 -0.382683 0.971731 0.841844 0.0000 -1.0000 0.0000 
0.980785 -1.000000 -0.195090 0.985388 0.796822 0.0000 -1.0000 0.0000 
0.980785 -1.000000 0.195090 0.985388 0.703178 0.0000 -1.0000 0.0000 
0.831470 -1.000000 -0.555570 0.949553 0.883337 0.0000 -1.0000 0.0000 
0.923880 -1.000000 -0.382683 0.971731 0.841844 0.0000 -1.0000 0.0000 
0.195090 -1.000000 -0.980785 0.796822 0.985388 0.0000 -1.0000 0.0000 
0.707107 -1.000000 -0.707107 0.919706 0.919706 0.0000 -1.0000 0.0000 
0.831470 -1.000000 -0.555570 0.949553 0.883337 0.0000 -1.0000 0.0000 
0.195090 -1.000000 -0.980785 0.796822 0.985388 0.0000 -1.0000 0.0000 
0.555570 -1.000000 -0.831470 0.883337 0.949553 0.0000 -1.0000 0.0000 
0.707107 -1.000000 -0.707107 0.919706 0.919706 0.0000 -1.0000 0.0000 
0.195090 -1.000000 -0.980785 0.796822 0.985388 0.0000 -1.0000 0.0000 
0.382683 -1.000000 -0.923880 0.841844 0.971731 0.0000 -1.0000 0.0000 
0.555570 -1.000000 -0.831470 0.883337 0.949553 0.0000 -1.0000 0.0000 
-0.195091 -1.000000 -0.980785 0.703178 0.985388 0.0000 -1.0000 0.0000 
-0.000000 -1.000000 -1.000000 0.750000 0.990000 0.0000 -1.0000 0.0000 
0.195090 -1.000000 -0.980785 0.796822 0.985388 0.0000 -1.0000 0.0000 
-0.555571 -1.000000 -0.831469 0.616663 0.949553 0.0000 -1.0000 0.0000 
-0.382684 -1.000000 -0.923879 0.658156 0.971731 0.0000 -1.0000 0.0000 
-0.195091 -1.000000 -0.980785 0.703178 0.985388 0.0000 -1.0000 0.0000 
-0.831470 -1.000000 -0.555570 0.550447 0.883337 0.0000 -1.0000 0.0000 
-0.707107 -1.000000 -0.707106 0.580294 0.919706 0.0000 -1.0000 0.0000 
-0.555571 -1.000000 -0.831469 0.616663 0.949553 0.0000 -1.0000 0.0000 
-0.980785 -1.000000 -0.195089 0.514611 0.796821 0.0000 -1.0000 0.0000 
-0.923880 -1.000000 -0.382683 0.528269 0.841844 0.0000 -1.0000 0.0000 
-0.831470 -1.000000 -0.555570 0.550447 0.883337 0.0000 -1.0000 0.0000 
-0.980785 -1.000000 0.195091 0.514612 0.703178 0.0000 -1.0000 0.0000 
-1.000000 -1.000000 0.000001 0.510000 0.750000 0.0000 -1.0000 0.0000 
-0.980785 -1.000000 -0.195089 0.514611 0.796821 0.0000 -1.0000 0.0000 
-0.831469 -1.000000 0.555571 0.550447 0.616663 0.0000 -1.0000 0.0000 
-0.923879 -1.000000 0.382684 0.528269 0.658156 0.0000 -1.0000 0.0000 
-0.980785 -1.000000 0.195091 0.514612 0.703178 0.0000 -1.0000 0.0000 
-0.195089 -1.000000 0.980786 0.703179 0.514611 0.0000 -1.0000 0.0000 
-0.707106 -1.000000 0.707108 0.580295 0.580294 0.0000 -1.0000 0.0000 
-0.831469 -1.000000 0.555571 0.550447 0.616663 0.0000 -1.0000 0.0000 
-0.195089 -1.000000 0.980786 0.703179 0.514611 0.0000 -1.0000 0.0000 
-0.555569 -1.000000 0.831470 0.616663 0.550447 0.0000 -1.0000 0.0000 
-0.707106 -1.000000 0.707108 0.580295 0.580294 0.0000 -1.0000 0.0000 
-0.195089 -1.000000 0.980786 0.703179 0.514611 0.0000 -1.0000 0.0000 
-0.382682 -1.000000 0.923880 0.658156 0.528269 0.0000 -1.0000 0.0000 
-0.555569 -1.000000 0.831470 0.616663 0.550447 0.0000 -1.0000 0.0000 
0.555570 -1.000000 0.831470 0.883337 0.550447 0.0000 -1.0000 0.0000 
0.195090 -1.000000 0.980785 0.796822 0.514612 0.0000 -1.0000 0.0000 
-0.195089 -1.000000 0.980786 0.703179 0.514611 0.0000 -1.0000 0.0000 
-0.980785 -1.000000 -0.195089 0.514611 0.796821 0.0000 -1.0000 0.0000 
-0.195091 -1.000000 -0.980785 0.703178 0.985388 0.0000 -1.0000 0.0000 
0.195090 -1.000000 -0.980785 0.796822 0.985388 0.0000 -1.0000 0.0000 
-0.980785 -1.000000 -0.195089 0.514611 0.796821 0.0000 -1.0000 0.0000 
-0.555571 -1.000000 -0.831469 0.616663 0.949553 0.0000 -1.0000 0.0000 
-0.195091 -1.000000 -0.980785 0.703178 0.985388 0.0000 -1.0000 0.0000 
-0.980785 -1.000000 -0.195089 0.514611 0.796821 0.0000 -1.0000 0.0000 
-0.831470 -1.000000 -0.555570 0.550447 0.883337 0.0000 -1.0000 0.0000 
-0.555571 -1.000000 -0.831469 0.616663 0.949553 0.0000 -1.0000 0.0000 
-0.195089 -1.000000 0.980786 0.703179 0.514611 0.0000 -1.0000 0.0000 
-0.980785 -1.000000 0.195091 0.514612 0.703178 0.0000 -1.0000 0.0000 
-0.980785 -1.000000 -0.195089 0.514611 0.796821 0.0000 -1.0000 0.0000 
-0.195089 -1.000000 0.980786 0.703179 0.514611 0.0000 -1.0000 0.0000 
-0.831469 -1.000000 0.555571 0.550447 0.616663 0.0000 -1.0000 0.0000 
-0.980785 -1.000000 0.195091 0.514612 0.703178 0.0000 -1.0000 0.0000 
0.980785 -1.000000 0.195090 0.985388 0.703178 0.0000 -1.0000 0.0000 
0.555570 -1.000000 0.831470 0.883337 0.550447 0.0000 -1.0000 0.0000 
-0.195089 -1.000000 0.980786 0.703179 0.514611 0.0000 -1.0000 0.0000 
0.195090 -1.000000 -0.980785 0.796822 0.985388 0.0000 -1.0000 0.0000 
0.831470 -1.000000 -0.555570 0.949553 0.883337 0.0000 -1.0000 0.0000 
0.980785 -1.000000 0.195090 0.985388 0.703178 0.0000 -1.0000 0.0000 
-0.980785 -1.000000 -0.195089 0.514611 0.796821 0.0000 -1.0000 0.0000 
0.980785 -1.000000 0.195090 0.985388 0.703178 0.0000 -1.0000 0.0000 
-0.195089 -1.000000 0.980786 0.703179 0.514611 0.0000 -1.0000 0.0000 