Vertex Count: 8
Indices Count: 36
Textures Count: 4


Vertices Data:
1.000000 1.000000 1.000000
1.000000 -1.000000 1.000000
1.000000 1.000000 -1.000000
1.000000 -1.000000 -1.000000
-1.000000 1.000000 1.000000
-1.000000 -1.000000 1.000000
-1.000000 1.000000 -1.000000
-1.000000 -1.000000 -1.000000



Textures Data:
0.000000 0.000000
1.000000 0.000000
0.000000 1.000000
1.000000 1.000000


Vertex Indices Data:

0 2 4
3 7 2
7 5 6
5 7 1
1 3 0
5 1 4
2 6 4
7 6 2
5 4 6
7 3 1
3 2 0
1 0 4

Texture Indices Data:

1 3 0
3 2 1
3 2 1
2 0 3
3 2 1
3 2 1
3 2 0
2 0 1
2 0 1
0 1 3
2 0 1
2 0 1