Vertex Count: 482
Indices Count: 2880
Textures Count: 559


Vertices Data:
0.000000 0.980785 0.195090
0.000000 0.923880 0.382683
0.000000 0.831470 0.555570
0.000000 0.707107 0.707107
0.000000 0.555570 0.831470
0.000000 0.382683 0.923880
0.000000 0.195090 0.980785
0.000000 0.000000 1.000000
0.000000 -0.195090 0.980785
0.000000 -0.831470 0.555570
0.038060 0.980785 0.191342
0.074658 0.923880 0.375330
0.108386 0.831470 0.544895
0.137950 0.707107 0.693520
0.162212 0.555570 0.815493
0.180240 0.382683 0.906127
0.191342 0.195090 0.961940
0.195090 0.000000 0.980785
0.191342 -0.195090 0.961940
0.180240 -0.382683 0.906127
0.162212 -0.555570 0.815493
0.137950 -0.707107 0.693520
0.108386 -0.831470 0.544895
0.074658 -0.923880 0.375330
0.038060 -0.980785 0.191341
0.074658 0.980785 0.180240
0.146447 0.923880 0.353553
0.212608 0.831470 0.513280
0.270598 0.707107 0.653281
0.318190 0.555570 0.768178
0.353553 0.382683 0.853553
0.375330 0.195090 0.906127
0.382684 0.000000 0.923879
0.375330 -0.195090 0.906127
0.353554 -0.382683 0.853553
0.318190 -0.555570 0.768178
0.270598 -0.707107 0.653281
0.212608 -0.831470 0.513280
0.146447 -0.923880 0.353553
0.074658 -0.980785 0.180240
0.108387 0.980785 0.162212
0.212608 0.923880 0.318190
0.308658 0.831470 0.461940
0.392848 0.707107 0.587938
0.461940 0.555570 0.691342
0.513280 0.382683 0.768178
0.544895 0.195090 0.815493
0.555570 0.000000 0.831469
0.544895 -0.195090 0.815493
0.513280 -0.382683 0.768178
0.461940 -0.555570 0.691342
0.392848 -0.707107 0.587938
0.308658 -0.831470 0.461940
0.212608 -0.923880 0.318189
0.108386 -0.980785 0.162211
0.137950 0.980785 0.137950
0.270598 0.923880 0.270598
0.392848 0.831470 0.392847
0.500000 0.707107 0.500000
0.587938 0.555570 0.587938
0.653282 0.382683 0.653281
0.693520 0.195090 0.693520
0.707107 0.000000 0.707107
0.693520 -0.195090 0.693520
0.653282 -0.382683 0.653281
0.587938 -0.555570 0.587938
0.500000 -0.707107 0.500000
0.392848 -0.831470 0.392847
0.270598 -0.923880 0.270598
0.137950 -0.980785 0.137949
0.162212 0.980785 0.108386
0.318190 0.923880 0.212607
0.461940 0.831470 0.308658
0.587938 0.707107 0.392847
0.691342 0.555570 0.461940
0.768178 0.382683 0.513280
0.815493 0.195090 0.544895
0.831470 0.000000 0.555570
0.815493 -0.195090 0.544895
0.768178 -0.382683 0.513280
0.691342 -0.555570 0.461940
0.587938 -0.707107 0.392847
0.461940 -0.831470 0.308658
0.318190 -0.923880 0.212607
0.162212 -0.980785 0.108386
0.180240 0.980785 0.074658
0.353554 0.923880 0.146446
0.513280 0.831470 0.212607
0.653282 0.707107 0.270598
0.768178 0.555570 0.318189
0.853554 0.382683 0.353553
0.906128 0.195090 0.375330
0.923880 0.000000 0.382683
0.906128 -0.195090 0.375330
0.853554 -0.382683 0.353553
0.768178 -0.555570 0.318189
0.653282 -0.707107 0.270598
0.513280 -0.831470 0.212607
0.353554 -0.923880 0.146446
0.180240 -0.980785 0.074658
0.191342 0.980785 0.038060
0.375331 0.923880 0.074658
0.544895 0.831470 0.108386
0.693520 0.707107 0.137949
0.815493 0.555570 0.162211
0.906128 0.382683 0.180240
0.961940 0.195090 0.191341
0.980785 0.000000 0.195090
0.961940 -0.195090 0.191341
0.906128 -0.382683 0.180240
0.815493 -0.555570 0.162211
0.693520 -0.707107 0.137949
0.544895 -0.831470 0.108386
0.375330 -0.923880 0.074658
0.191342 -0.980785 0.038060
0.195091 0.980785 -0.000000
0.382684 0.923880 -0.000000
0.555570 0.831470 -0.000000
0.707107 0.707107 -0.000000
0.831470 0.555570 -0.000000
0.923880 0.382683 -0.000000
0.980785 0.195090 -0.000000
1.000000 0.000000 -0.000000
0.980785 -0.195090 -0.000000
0.923880 -0.382683 -0.000000
0.831470 -0.555570 -0.000000
0.707107 -0.707107 -0.000000
0.555570 -0.831470 -0.000000
0.382684 -0.923880 -0.000000
0.195090 -0.980785 -0.000000
0.191342 0.980785 -0.038061
0.375331 0.923880 -0.074658
0.544895 0.831470 -0.108387
0.693520 0.707107 -0.137950
0.815493 0.555570 -0.162212
0.906128 0.382683 -0.180240
0.961940 0.195090 -0.191342
0.980785 0.000000 -0.195091
0.961940 -0.195090 -0.191342
0.906128 -0.382683 -0.180240
0.815493 -0.555570 -0.162212
0.693520 -0.707107 -0.137950
0.544895 -0.831470 -0.108387
0.375330 -0.923880 -0.074658
0.191342 -0.980785 -0.038061
0.180240 0.980785 -0.074658
0.353554 0.923880 -0.146447
0.513280 0.831470 -0.212608
0.653282 0.707107 -0.270598
0.768178 0.555570 -0.318190
0.853554 0.382683 -0.353554
0.906127 0.195090 -0.375331
0.923880 0.000000 -0.382684
0.906127 -0.195090 -0.375331
0.853554 -0.382683 -0.353554
0.768178 -0.555570 -0.318190
0.653282 -0.707107 -0.270598
0.513280 -0.831470 -0.212608
0.353553 -0.923880 -0.146447
0.180240 -0.980785 -0.074658
0.162212 0.980785 -0.108387
0.318190 0.923880 -0.212608
0.461940 0.831470 -0.308659
0.587938 0.707107 -0.392848
0.691342 0.555570 -0.461940
0.768178 0.382683 -0.513280
0.815493 0.195090 -0.544895
0.831470 0.000000 -0.555571
0.815493 -0.195090 -0.544895
0.768178 -0.382683 -0.513280
0.691342 -0.555570 -0.461940
0.587938 -0.707107 -0.392848
0.461940 -0.831470 -0.308659
0.318190 -0.923880 -0.212608
0.162212 -0.980785 -0.108387
0.137950 0.980785 -0.137950
0.270598 0.923880 -0.270599
0.392848 0.831470 -0.392848
0.500000 0.707107 -0.500000
0.587938 0.555570 -0.587938
0.653282 0.382683 -0.653282
0.693520 0.195090 -0.693520
0.707107 0.000000 -0.707107
0.693520 -0.195090 -0.693520
0.653282 -0.382683 -0.653282
0.587938 -0.555570 -0.587938
0.500000 -0.707107 -0.500000
0.392848 -0.831470 -0.392848
0.270598 -0.923880 -0.270598
0.137950 -0.980785 -0.137950
0.108386 0.980785 -0.162212
0.212608 0.923880 -0.318190
0.308658 0.831470 -0.461940
0.392848 0.707107 -0.587938
0.461940 0.555570 -0.691342
0.513280 0.382683 -0.768178
0.544895 0.195090 -0.815493
0.555570 0.000000 -0.831470
0.544895 -0.195090 -0.815493
0.513280 -0.382683 -0.768178
0.461940 -0.555570 -0.691342
0.392848 -0.707107 -0.587938
0.308658 -0.831470 -0.461940
0.212608 -0.923880 -0.318190
0.108386 -0.980785 -0.162212
0.000000 -1.000000 -0.000000
0.074658 0.980785 -0.180240
0.146447 0.923880 -0.353554
0.212608 0.831470 -0.513280
0.270598 0.707107 -0.653282
0.318190 0.555570 -0.768178
0.353553 0.382683 -0.853554
0.375330 0.195090 -0.906128
0.382683 0.000000 -0.923880
0.375330 -0.195090 -0.906128
0.353553 -0.382683 -0.853554
0.318190 -0.555570 -0.768178
0.270598 -0.707107 -0.653282
0.212608 -0.831470 -0.513280
0.146447 -0.923880 -0.353554
0.074658 -0.980785 -0.180240
0.038060 0.980785 -0.191342
0.074658 0.923880 -0.375331
0.108386 0.831470 -0.544896
0.137950 0.707107 -0.693520
0.162212 0.555570 -0.815493
0.180240 0.382683 -0.906128
0.191342 0.195090 -0.961940
0.195090 0.000000 -0.980786
0.191342 -0.195090 -0.961940
0.180240 -0.382683 -0.906128
0.162212 -0.555570 -0.815493
0.137950 -0.707107 -0.693520
0.108386 -0.831470 -0.544895
0.074658 -0.923880 -0.375331
0.038060 -0.980785 -0.191342
-0.000000 0.980785 -0.195091
0.000000 0.923880 -0.382684
0.000000 0.831470 -0.555571
-0.000000 0.707107 -0.707107
-0.000000 0.555570 -0.831470
0.000000 0.382683 -0.923880
-0.000000 0.195090 -0.980785
-0.000000 0.000000 -1.000000
-0.000000 -0.195090 -0.980785
0.000000 -0.382683 -0.923880
-0.000000 -0.555570 -0.831470
-0.000000 -0.707107 -0.707107
-0.000000 -0.831470 -0.555570
0.000000 -0.923880 -0.382684
0.000000 -0.980785 -0.195091
-0.038060 0.980785 -0.191342
-0.074658 0.923880 -0.375331
-0.108386 0.831470 -0.544896
-0.137950 0.707107 -0.693520
-0.162212 0.555570 -0.815493
-0.180240 0.382683 -0.906128
-0.191342 0.195090 -0.961940
-0.195090 0.000000 -0.980786
-0.191342 -0.195090 -0.961940
-0.180240 -0.382683 -0.906128
-0.162212 -0.555570 -0.815493
-0.137950 -0.707107 -0.693520
-0.108386 -0.831470 -0.544895
-0.074658 -0.923880 -0.375331
-0.038060 -0.980785 -0.191342
-0.074658 0.980785 -0.180240
-0.146447 0.923880 -0.353554
-0.212608 0.831470 -0.513280
-0.270598 0.707107 -0.653282
-0.318190 0.555570 -0.768178
-0.353553 0.382683 -0.853554
-0.375330 0.195090 -0.906127
-0.382684 0.000000 -0.923880
-0.375330 -0.195090 -0.906127
-0.353553 -0.382683 -0.853554
-0.318190 -0.555570 -0.768178
-0.270598 -0.707107 -0.653282
-0.212608 -0.831470 -0.513280
-0.146447 -0.923880 -0.353554
-0.074658 -0.980785 -0.180240
-0.108386 0.980785 -0.162212
-0.212608 0.923880 -0.318190
-0.308658 0.831470 -0.461940
-0.392847 0.707107 -0.587938
-0.461940 0.555570 -0.691342
-0.513280 0.382683 -0.768178
-0.544895 0.195090 -0.815493
-0.555570 0.000000 -0.831470
-0.544895 -0.195090 -0.815493
-0.513280 -0.382683 -0.768178
-0.461940 -0.555570 -0.691342
-0.392847 -0.707107 -0.587938
-0.308658 -0.831470 -0.461940
-0.212607 -0.923880 -0.318190
-0.108386 -0.980785 -0.162212
-0.000000 1.000000 -0.000001
-0.137950 0.980785 -0.137950
-0.270598 0.923880 -0.270598
-0.392848 0.831470 -0.392848
-0.500000 0.707107 -0.500000
-0.587938 0.555570 -0.587938
-0.653281 0.382683 -0.653282
-0.693520 0.195090 -0.693520
-0.707107 0.000000 -0.707107
-0.693520 -0.195090 -0.693520
-0.653281 -0.382683 -0.653282
-0.587938 -0.555570 -0.587938
-0.500000 -0.707107 -0.500000
-0.392847 -0.831470 -0.392848
-0.270598 -0.923880 -0.270598
-0.137950 -0.980785 -0.137950
-0.162212 0.980785 -0.108387
-0.318190 0.923880 -0.212608
-0.461940 0.831470 -0.308659
-0.587938 0.707107 -0.392848
-0.691342 0.555570 -0.461940
-0.768178 0.382683 -0.513280
-0.815493 0.195090 -0.544895
-0.831470 0.000000 -0.555570
-0.815493 -0.195090 -0.544895
-0.768178 -0.382683 -0.513280
-0.691342 -0.555570 -0.461940
-0.587938 -0.707107 -0.392848
-0.461940 -0.831470 -0.308658
-0.318190 -0.923880 -0.212608
-0.162212 -0.980785 -0.108387
-0.180240 0.980785 -0.074658
-0.353553 0.923880 -0.146447
-0.513280 0.831470 -0.212608
-0.653281 0.707107 -0.270598
-0.768177 0.555570 -0.318190
-0.853553 0.382683 -0.353554
-0.906127 0.195090 -0.375330
-0.923880 0.000000 -0.382684
-0.906127 -0.195090 -0.375330
-0.853553 -0.382683 -0.353554
-0.768177 -0.555570 -0.318190
-0.653281 -0.707107 -0.270598
-0.513280 -0.831470 -0.212608
-0.353553 -0.923880 -0.146447
-0.180240 -0.980785 -0.074658
-0.191342 0.980785 -0.038061
-0.375330 0.923880 -0.074658
-0.544895 0.831470 -0.108387
-0.693520 0.707107 -0.137950
-0.815493 0.555570 -0.162212
-0.906127 0.382683 -0.180240
-0.961939 0.195090 -0.191342
-0.980785 0.000000 -0.195090
-0.961939 -0.195090 -0.191342
-0.906127 -0.382683 -0.180240
-0.815493 -0.555570 -0.162212
-0.693520 -0.707107 -0.137950
-0.544895 -0.831470 -0.108387
-0.375330 -0.923880 -0.074658
-0.191342 -0.980785 -0.038061
-0.195090 0.980785 -0.000000
-0.382683 0.923880 -0.000000
-0.555570 0.831470 -0.000000
-0.707107 0.707107 -0.000000
-0.831469 0.555570 -0.000000
-0.923879 0.382683 -0.000000
-0.980785 0.195090 -0.000000
-1.000000 0.000000 -0.000000
-0.980785 -0.195090 -0.000000
-0.923879 -0.382683 -0.000000
-0.831469 -0.555570 -0.000000
-0.707107 -0.707107 -0.000000
-0.555570 -0.831470 -0.000000
-0.382683 -0.923880 -0.000000
-0.195090 -0.980785 -0.000000
-0.191342 0.980785 0.038060
-0.375330 0.923880 0.074658
-0.544895 0.831470 0.108386
-0.693520 0.707107 0.137949
-0.815493 0.555570 0.162211
-0.906127 0.382683 0.180240
-0.961939 0.195090 0.191342
-0.980785 0.000000 0.195090
-0.961939 -0.195090 0.191342
-0.906127 -0.382683 0.180240
-0.815493 -0.555570 0.162211
-0.693520 -0.707107 0.137949
-0.544895 -0.831470 0.108386
-0.375330 -0.923880 0.074658
-0.191342 -0.980785 0.038060
-0.180240 0.980785 0.074658
-0.353553 0.923880 0.146446
-0.513280 0.831470 0.212607
-0.653281 0.707107 0.270598
-0.768177 0.555570 0.318189
-0.853553 0.382683 0.353553
-0.906127 0.195090 0.375330
-0.923879 0.000000 0.382683
-0.906127 -0.195090 0.375330
-0.853553 -0.382683 0.353553
-0.768177 -0.555570 0.318189
-0.653281 -0.707107 0.270598
-0.513280 -0.831470 0.212607
-0.353553 -0.923880 0.146446
-0.180240 -0.980785 0.074657
-0.162212 0.980785 0.108386
-0.318190 0.923880 0.212607
-0.461940 0.831470 0.308658
-0.587938 0.707107 0.392847
-0.691341 0.555570 0.461939
-0.768178 0.382683 0.513280
-0.815493 0.195090 0.544895
-0.831469 0.000000 0.555570
-0.815493 -0.195090 0.544895
-0.768178 -0.382683 0.513280
-0.691341 -0.555570 0.461939
-0.587938 -0.707107 0.392847
-0.461940 -0.831470 0.308658
-0.318189 -0.923880 0.212607
-0.162212 -0.980785 0.108386
-0.137950 0.980785 0.137949
-0.270598 0.923880 0.270598
-0.392847 0.831470 0.392847
-0.500000 0.707107 0.500000
-0.587937 0.555570 0.587937
-0.653281 0.382683 0.653281
-0.693519 0.195090 0.693519
-0.707106 0.000000 0.707106
-0.693519 -0.195090 0.693519
-0.653281 -0.382683 0.653281
-0.587937 -0.555570 0.587937
-0.500000 -0.707107 0.500000
-0.392847 -0.831470 0.392847
-0.270598 -0.923880 0.270598
-0.137950 -0.980785 0.137949
-0.108386 0.980785 0.162211
-0.212607 0.923880 0.318189
-0.308658 0.831470 0.461939
-0.392847 0.707107 0.587937
-0.461939 0.555570 0.691341
-0.513280 0.382683 0.768177
-0.544895 0.195090 0.815492
-0.555570 0.000000 0.831469
-0.544895 -0.195090 0.815492
-0.513280 -0.382683 0.768177
-0.461939 -0.555570 0.691341
-0.392847 -0.707107 0.587937
-0.308658 -0.831470 0.461939
-0.212607 -0.923880 0.318189
-0.108386 -0.980785 0.162211
-0.074658 0.980785 0.180240
-0.146447 0.923880 0.353553
-0.212607 0.831470 0.513280
-0.270598 0.707107 0.653281
-0.318189 0.555570 0.768177
-0.353553 0.382683 0.853553
-0.375330 0.195090 0.906127
-0.382683 0.000000 0.923879
-0.375330 -0.195090 0.906127
-0.353553 -0.382683 0.853553
-0.318189 -0.555570 0.768177
-0.270598 -0.707107 0.653281
-0.212607 -0.831470 0.513279
-0.146446 -0.923880 0.353553
-0.074658 -0.980785 0.180240
-0.038060 0.980785 0.191342
-0.074658 0.923880 0.375330
-0.108386 0.831470 0.544895
-0.137950 0.707107 0.693520
-0.162211 0.555570 0.815492
-0.180240 0.382683 0.906127
-0.191341 0.195090 0.961939
-0.195090 0.000000 0.980785
-0.191341 -0.195090 0.961939
-0.180240 -0.382683 0.906127
-0.162211 -0.555570 0.815492
-0.137950 -0.707107 0.693520
-0.108386 -0.831470 0.544895
-0.074658 -0.923880 0.375330
-0.038060 -0.980785 0.191341
0.000000 -0.382683 0.923879
0.000000 -0.555570 0.831469
0.000000 -0.707107 0.707106
0.000000 -0.923880 0.382683
0.000000 -0.980785 0.195090



Textures Data:
0.750000 0.687500
0.718750 0.750000
0.750000 0.750000
0.750000 0.250000
0.718750 0.312500
0.750000 0.312500
0.718750 0.812500
0.750000 0.812500
0.718750 0.375000
0.750000 0.375000
0.718750 0.875000
0.750000 0.875000
0.718750 0.437500
0.750000 0.437500
0.718750 0.937500
0.750000 0.937500
0.718750 0.500000
0.750000 0.500000
0.750000 0.062500
0.734375 0.000000
0.718750 0.062500
0.734375 1.000000
0.718750 0.562500
0.750000 0.562500
0.718750 0.125000
0.750000 0.125000
0.718750 0.625000
0.750000 0.625000
0.750000 0.187500
0.718750 0.187500
0.718750 0.687500
0.718750 0.250000
0.687500 0.687500
0.687500 0.250000
0.687500 0.750000
0.687500 0.312500
0.687500 0.812500
0.687500 0.375000
0.687500 0.875000
0.687500 0.437500
0.687500 0.937500
0.687500 0.500000
0.703125 0.000000
0.687500 0.062500
0.703125 1.000000
0.687500 0.562500
0.687500 0.125000
0.687500 0.625000
0.687500 0.187500
0.656250 0.937500
0.656250 0.500000
0.671875 0.000000
0.656250 0.062500
0.671875 1.000000
0.656250 0.562500
0.656250 0.125000
0.656250 0.625000
0.656250 0.187500
0.656250 0.687500
0.656250 0.250000
0.656250 0.750000
0.656250 0.312500
0.656250 0.812500
0.656250 0.375000
0.656250 0.875000
0.656250 0.437500
0.625000 0.250000
0.625000 0.750000
0.625000 0.312500
0.625000 0.812500
0.625000 0.375000
0.625000 0.875000
0.625000 0.437500
0.625000 0.937500
0.625000 0.500000
0.640625 0.000000
0.625000 0.062500
0.640625 1.000000
0.625000 0.562500
0.625000 0.125000
0.625000 0.625000
0.625000 0.187500
0.625000 0.687500
0.593750 0.437500
0.593750 0.500000
0.609375 0.000000
0.593750 0.062500
0.609375 1.000000
0.593750 0.937500
0.593750 0.562500
0.593750 0.125000
0.593750 0.625000
0.593750 0.187500
0.593750 0.687500
0.593750 0.250000
0.593750 0.750000
0.593750 0.312500
0.593750 0.812500
0.593750 0.375000
0.593750 0.875000
0.562500 0.687500
0.562500 0.750000
0.562500 0.250000
0.562500 0.312500
0.562500 0.812500
0.562500 0.375000
0.562500 0.875000
0.562500 0.437500
0.562500 0.937500
0.562500 0.500000
0.578125 0.000000
0.562500 0.062500
0.578125 1.000000
0.562500 0.562500
0.562500 0.125000
0.562500 0.625000
0.562500 0.187500
0.546875 1.000000
0.531250 0.937500
0.531250 0.562500
0.531250 0.125000
0.531250 0.625000
0.531250 0.187500
0.531250 0.687500
0.531250 0.250000
0.531250 0.750000
0.531250 0.312500
0.531250 0.812500
0.531250 0.375000
0.531250 0.875000
0.531250 0.437500
0.531250 0.500000
0.546875 0.000000
0.531250 0.062500
0.500000 0.750000
0.500000 0.812500
0.500000 0.375000
0.500000 0.875000
0.500000 0.437500
0.500000 0.937500
0.500000 0.500000
0.515625 0.000000
0.500000 0.062500
0.515625 1.000000
0.500000 0.562500
0.500000 0.125000
0.500000 0.625000
0.500000 0.187500
0.500000 0.687500
0.500000 0.250000
0.500000 0.312500
0.468750 0.062500
0.468750 0.125000
0.468750 0.625000
0.468750 0.187500
0.468750 0.687500
0.468750 0.250000
0.468750 0.750000
0.468750 0.312500
0.468750 0.812500
0.468750 0.375000
0.468750 0.875000
0.468750 0.437500
0.468750 0.937500
0.468750 0.500000
0.484374 0.000000
0.484375 1.000000
0.468750 0.562500
0.437500 0.375000
0.437500 0.812500
0.437500 0.875000
0.437500 0.437500
0.437500 0.937500
0.437500 0.500000
0.453124 0.000000
0.437500 0.062500
0.453125 1.000000
0.437500 0.562500
0.437500 0.125000
0.437500 0.625000
0.437500 0.187500
0.437500 0.687500
0.437500 0.250000
0.437500 0.750000
0.437500 0.312500
0.406250 0.625000
0.406250 0.187500
0.406250 0.687500
0.406250 0.250000
0.406250 0.750000
0.406250 0.312500
0.406250 0.812500
0.406250 0.375000
0.406250 0.875000
0.406250 0.437500
0.406250 0.937500
0.406250 0.500000
0.421874 0.000000
0.406250 0.062500
0.421875 1.000000
0.406250 0.562500
0.406250 0.125000
0.375000 0.875000
0.375000 0.375000
0.375000 0.437500
0.375000 0.937500
0.375000 0.500000
0.390625 0.000000
0.375000 0.062500
0.390625 1.000000
0.375000 0.562500
0.375000 0.125000
0.375000 0.625000
0.375000 0.187500
0.375000 0.687500
0.375000 0.250000
0.375000 0.750000
0.375000 0.312500
0.375000 0.812500
0.343750 0.187500
0.343750 0.625000
0.343750 0.687500
0.343750 0.250000
0.343750 0.750000
0.343750 0.312500
0.343750 0.812500
0.343750 0.375000
0.343750 0.875000
0.343750 0.437500
0.343750 0.937500
0.343750 0.500000
0.359375 0.000000
0.343750 0.062500
0.359375 1.000000
0.343750 0.562500
0.343750 0.125000
0.312500 0.375000
0.312500 0.437500
0.312500 0.937500
0.312500 0.500000
0.328125 0.000000
0.312500 0.062500
0.328125 1.000000
0.312500 0.562500
0.312500 0.125000
0.312500 0.625000
0.312500 0.187500
0.312500 0.687500
0.312500 0.250000
0.312500 0.750000
0.312500 0.312500
0.312500 0.812500
0.312500 0.875000
0.281250 0.625000
0.281250 0.687500
0.281250 0.250000
0.281250 0.750000
0.281250 0.312500
0.281250 0.812500
0.281250 0.375000
0.281250 0.875000
0.281250 0.437500
0.281250 0.937500
0.281250 0.500000
0.296875 0.000000
0.281250 0.062500
0.296875 1.000000
0.281250 0.562500
0.281250 0.125000
0.281250 0.187500
0.250000 0.875000
0.250000 0.937500
0.250000 0.500000
0.265625 0.000000
0.250000 0.062500
0.265625 1.000000
0.250000 0.562500
0.250000 0.125000
0.250000 0.625000
0.250000 0.187500
0.250000 0.687500
0.250000 0.250000
0.250000 0.750000
0.250000 0.312500
0.250000 0.812500
0.250000 0.375000
0.250000 0.437500
0.218750 0.750000
0.218750 0.250000
0.218750 0.312500
0.218750 0.812500
0.218750 0.375000
0.218750 0.875000
0.218750 0.437500
0.218750 0.937500
0.218750 0.500000
0.234375 0.000000
0.218750 0.062500
0.234375 1.000000
0.218750 0.562500
0.218750 0.125000
0.218750 0.625000
0.218750 0.187500
0.218750 0.687500
0.203125 0.000000
0.187500 0.062500
0.203125 1.000000
0.187500 0.937500
0.187500 0.500000
0.187500 0.562500
0.187500 0.125000
0.187500 0.625000
0.187500 0.187500
0.187500 0.687500
0.187500 0.250000
0.187500 0.750000
0.187500 0.312500
0.187500 0.812500
0.187500 0.375000
0.187500 0.875000
0.187500 0.437500
0.156250 0.250000
0.156250 0.312500
0.156250 0.750000
0.156250 0.812500
0.156250 0.375000
0.156250 0.875000
0.156250 0.437500
0.156250 0.937500
0.156250 0.500000
0.171875 0.000000
0.156250 0.062500
0.171875 1.000000
0.156250 0.562500
0.156250 0.125000
0.156250 0.625000
0.156250 0.187500
0.156250 0.687500
0.125000 0.562500
0.125000 0.125000
0.125000 0.625000
0.125000 0.187500
0.125000 0.687500
0.125000 0.250000
0.125000 0.750000
0.125000 0.312500
0.125000 0.812500
0.125000 0.375000
0.125000 0.875000
0.125000 0.437500
0.125000 0.937500
0.125000 0.500000
0.140625 0.000000
0.125000 0.062500
0.140625 1.000000
0.093750 0.812500
0.093750 0.375000
0.093750 0.875000
0.093750 0.437500
0.093750 0.937500
0.093750 0.500000
0.109375 0.000000
0.093750 0.062500
0.109375 1.000000
0.093750 0.562500
0.093750 0.125000
0.093750 0.625000
0.093750 0.187500
0.093750 0.687500
0.093750 0.250000
0.093750 0.750000
0.093750 0.312500
0.062500 0.125000
0.062500 0.625000
0.062500 0.187500
0.062500 0.687500
0.062500 0.250000
0.062500 0.750000
0.062500 0.312500
0.062500 0.812500
0.062500 0.375000
0.062500 0.875000
0.062500 0.437500
0.062500 0.937500
0.062500 0.500000
0.078125 0.000000
0.062500 0.062500
0.078125 1.000000
0.062500 0.562500
0.031250 0.375000
0.031250 0.812500
0.031250 0.875000
0.031250 0.437500
0.031250 0.937500
0.031250 0.500000
0.046875 0.000000
0.031250 0.062500
0.046875 1.000000
0.031250 0.562500
0.031250 0.125000
0.031250 0.625000
0.031250 0.187500
0.031250 0.687500
0.031250 0.250000
0.031250 0.750000
0.031250 0.312500
0.000000 0.625000
0.000000 0.187500
0.000000 0.687500
0.000000 0.250000
0.000000 0.750000
0.000000 0.312500
0.000000 0.812500
0.000000 0.375000
0.000000 0.875000
0.000000 0.437500
0.000000 0.937500
0.000000 0.500000
0.015625 0.000000
0.000000 0.062500
0.015625 1.000000
0.000000 0.562500
0.000000 0.125000
1.000000 0.875000
0.968750 0.812500
0.968750 0.875000
1.000000 0.437500
0.968750 0.375000
0.968750 0.437500
0.968750 0.937500
1.000000 0.937500
0.968750 0.500000
1.000000 0.500000
1.000000 0.062500
0.984375 0.000000
0.968750 0.062500
0.984375 1.000000
1.000000 0.562500
0.968750 0.562500
1.000000 0.125000
0.968750 0.125000
0.968750 0.625000
1.000000 0.625000
0.968750 0.187500
1.000000 0.187500
1.000000 0.687500
0.968750 0.687500
1.000000 0.250000
0.968750 0.250000
0.968750 0.750000
1.000000 0.750000
1.000000 0.312500
0.968750 0.312500
1.000000 0.812500
1.000000 0.375000
0.937500 0.625000
0.937500 0.687500
0.937500 0.187500
0.937500 0.250000
0.937500 0.750000
0.937500 0.312500
0.937500 0.812500
0.937500 0.375000
0.937500 0.875000
0.937500 0.437500
0.937500 0.937500
0.937500 0.500000
0.953125 0.000000
0.937500 0.062500
0.953125 1.000000
0.937500 0.562500
0.937500 0.125000
0.906250 0.937500
0.906250 0.500000
0.921875 0.000000
0.906250 0.062500
0.921875 1.000000
0.906250 0.562500
0.906250 0.125000
0.906250 0.625000
0.906250 0.187500
0.906250 0.687500
0.906250 0.250000
0.906250 0.750000
0.906250 0.312500
0.906250 0.812500
0.906250 0.375000
0.906250 0.875000
0.906250 0.437500
0.875000 0.250000
0.875000 0.750000
0.875000 0.312500
0.875000 0.812500
0.875000 0.375000
0.875000 0.875000
0.875000 0.437500
0.875000 0.937500
0.875000 0.500000
0.890625 0.000000
0.875000 0.062500
0.890625 1.000000
0.875000 0.562500
0.875000 0.125000
0.875000 0.625000
0.875000 0.187500
0.875000 0.687500
0.843750 0.437500
0.843750 0.500000
0.859375 0.000000
0.843750 0.062500
0.859375 1.000000
0.843750 0.937500
0.843750 0.562500
0.843750 0.125000
0.843750 0.625000
0.843750 0.187500
0.843750 0.687500
0.843750 0.250000
0.843750 0.750000
0.843750 0.312500
0.843750 0.812500
0.843750 0.375000
0.843750 0.875000
0.812500 0.750000
0.812500 0.250000
0.812500 0.312500
0.812500 0.812500
0.812500 0.375000
0.812500 0.875000
0.812500 0.437500
0.812500 0.937500
0.812500 0.500000
0.828125 0.000000
0.812500 0.062500
0.828125 1.000000
0.812500 0.562500
0.812500 0.125000
0.812500 0.625000
0.812500 0.187500
0.812500 0.687500
0.796875 0.000000
0.781250 0.062500
0.796875 1.000000
0.781250 0.937500
0.781250 0.562500
0.781250 0.125000
0.781250 0.625000
0.781250 0.187500
0.781250 0.687500
0.781250 0.250000
0.781250 0.750000
0.781250 0.312500
0.781250 0.812500
0.781250 0.375000
0.781250 0.875000
0.781250 0.437500
0.781250 0.500000
0.765625 0.000000
0.765625 1.000000


Vertex Indices Data:

479 21 478
4 14 3
9 22 479
5 15 4
480 23 9
6 16 5
481 24 480
7 17 6
10 296 0
24 481 205
8 18 7
1 11 0
477 19 8
12 11 2
478 20 477
3 13 2
20 35 19
13 28 12
36 35 21
14 29 13
22 37 21
15 30 14
23 38 22
16 31 15
24 39 23
17 32 16
25 296 10
39 24 205
33 32 18
11 26 10
34 33 19
12 27 11
39 54 38
32 47 31
40 296 25
54 39 205
33 48 32
26 41 25
34 49 33
27 42 26
50 49 35
28 43 27
51 50 36
29 44 28
37 52 36
30 45 29
38 53 37
46 45 31
43 58 42
51 66 50
44 59 43
52 67 51
45 60 44
53 68 52
46 61 45
54 69 53
62 61 47
55 296 40
69 54 205
48 63 47
41 56 40
49 64 48
42 57 41
65 64 50
77 76 62
70 296 55
84 69 205
63 78 62
56 71 55
64 79 63
57 72 56
80 79 65
58 73 57
66 81 65
74 73 59
82 81 67
60 75 59
83 82 68
61 76 60
69 84 68
96 95 81
89 88 74
82 97 81
75 90 74
98 97 83
91 90 76
84 99 83
77 92 76
85 296 70
99 84 205
78 93 77
71 86 70
79 94 78
72 87 71
95 94 80
73 88 72
114 99 205
93 108 92
86 101 85
94 109 93
87 102 86
110 109 95
103 102 88
111 110 96
89 104 88
97 112 96
90 105 89
98 113 97
106 105 91
114 113 99
92 107 91
100 296 85
127 126 112
105 120 104
128 127 113
121 120 106
129 128 114
107 122 106
115 296 100
129 114 205
123 122 108
101 116 100
109 124 108
102 117 101
125 124 110
103 118 102
111 126 110
104 119 103
131 130 116
124 139 123
117 132 116
140 139 125
118 133 117
126 141 125
134 133 119
142 141 127
120 135 119
128 143 127
136 135 121
144 143 129
122 137 121
130 296 115
144 129 205
123 138 122
135 150 134
158 157 143
151 150 136
144 159 143
137 152 136
145 296 130
159 144 205
138 153 137
131 146 130
139 154 138
147 146 132
155 154 140
133 148 132
141 156 140
134 149 133
142 157 141
154 169 153
147 162 146
170 169 155
148 163 147
156 171 155
164 163 149
172 171 157
150 165 149
158 173 157
166 165 151
159 174 158
152 167 151
160 296 145
174 159 205
168 167 153
146 161 145
173 188 172
181 180 166
189 188 174
167 182 166
175 296 160
189 174 205
168 183 167
161 176 160
169 184 168
162 177 161
170 185 169
163 178 162
171 186 170
164 179 163
187 186 172
165 180 164
177 192 176
200 199 185
193 192 178
186 201 185
194 193 179
202 201 187
180 195 179
188 203 187
196 195 181
204 203 189
182 197 181
190 296 175
204 189 205
198 197 183
176 191 175
184 199 183
212 211 196
204 220 203
197 213 196
206 296 190
220 204 205
198 214 197
191 207 190
199 215 198
208 207 192
216 215 200
193 209 192
201 217 200
194 210 193
218 217 202
195 211 194
203 219 202
231 230 216
209 224 208
217 232 216
210 225 209
218 233 217
211 226 210
219 234 218
227 226 212
235 234 220
213 228 212
221 296 206
235 220 205
214 229 213
207 222 206
215 230 214
208 223 207
250 249 235
228 243 227
236 296 221
250 235 205
229 244 228
222 237 221
230 245 229
238 237 223
246 245 231
239 238 224
232 247 231
225 240 224
248 247 233
226 241 225
234 249 233
242 241 227
247 262 246
255 254 240
248 263 247
241 256 240
249 264 248
257 256 242
250 265 249
243 258 242
251 296 236
265 250 205
244 259 243
237 252 236
245 260 244
238 253 237
261 260 246
254 253 239
266 296 251
280 265 205
274 273 259
252 267 251
260 275 259
253 268 252
276 275 261
269 268 254
262 277 261
270 269 255
263 278 262
256 271 255
279 278 264
272 271 257
280 279 265
258 273 257
285 284 270
293 292 278
271 286 270
279 294 278
287 286 272
295 294 280
273 288 272
281 296 266
295 280 205
274 289 273
267 282 266
275 290 274
268 283 267
291 290 276
269 284 268
277 292 276
289 305 288
282 298 281
290 306 289
283 299 282
307 306 291
300 299 284
292 308 291
301 300 285
293 309 292
286 302 285
294 310 293
303 302 287
295 311 294
304 303 288
297 296 281
311 295 205
309 324 308
302 317 301
325 324 310
318 317 303
311 326 310
304 319 303
312 296 297
326 311 205
305 320 304
298 313 297
306 321 305
299 314 298
322 321 307
315 314 300
308 323 307
316 315 301
313 328 312
321 336 320
314 329 313
337 336 322
330 329 315
338 337 323
331 330 316
324 339 323
317 332 316
340 339 325
333 332 318
341 340 326
319 334 318
327 296 312
341 326 205
320 335 319
332 347 331
355 354 340
348 347 333
341 356 340
334 349 333
342 296 327
356 341 205
335 350 334
343 342 328
336 351 335
329 344 328
352 351 337
345 344 330
338 353 337
346 345 331
339 354 338
351 366 350
344 359 343
367 366 352
360 359 345
353 368 352
346 361 345
369 368 354
347 362 346
370 369 355
363 362 348
356 371 355
349 364 348
357 296 342
371 356 205
365 364 350
358 357 343
385 384 370
378 377 363
371 386 370
364 379 363
372 296 357
386 371 205
380 379 365
373 372 358
366 381 365
359 374 358
382 381 367
375 374 360
368 383 367
376 375 361
369 384 368
362 377 361
397 396 382
390 389 375
383 398 382
376 391 375
384 399 383
377 392 376
400 399 385
393 392 378
386 401 385
379 394 378
387 296 372
401 386 205
380 395 379
373 388 372
381 396 380
374 389 373
401 416 400
394 409 393
402 296 387
416 401 205
410 409 395
388 403 387
396 411 395
404 403 389
412 411 397
405 404 390
398 413 397
406 405 391
399 414 398
392 407 391
415 414 400
408 407 393
405 420 404
413 428 412
421 420 406
414 429 413
407 422 406
415 430 414
423 422 408
416 431 415
409 424 408
417 296 402
431 416 205
425 424 410
403 418 402
411 426 410
404 419 403
427 426 412
439 438 424
432 296 417
446 431 205
425 440 424
418 433 417
426 441 425
419 434 418
442 441 427
420 435 419
428 443 427
436 435 421
444 443 429
422 437 421
430 445 429
438 437 423
431 446 430
443 458 442
451 450 436
444 459 443
437 452 436
445 460 444
453 452 438
446 461 445
439 454 438
447 296 432
461 446 205
440 455 439
448 447 433
441 456 440
449 448 434
457 456 442
450 449 435
462 296 447
476 461 205
455 470 454
448 463 447
456 471 455
449 464 448
472 471 457
450 465 449
458 473 457
466 465 451
459 474 458
452 467 451
460 475 459
468 467 453
476 475 461
454 469 453
4 3 466
474 9 473
5 4 467
475 480 474
6 5 468
476 481 475
7 6 469
0 296 462
481 476 205
470 8 469
1 0 463
471 477 470
2 1 464
478 477 472
3 2 465
473 479 472
21 20 478
14 13 3
22 21 479
15 14 4
23 22 9
16 15 5
24 23 480
17 16 6
18 17 7
11 10 0
19 18 8
11 1 2
20 19 477
13 12 2
35 34 19
28 27 12
35 20 21
29 28 13
37 36 21
30 29 14
38 37 22
31 30 15
39 38 23
32 31 16
32 17 18
26 25 10
33 18 19
27 26 11
54 53 38
47 46 31
48 47 32
41 40 25
49 48 33
42 41 26
49 34 35
43 42 27
50 35 36
44 43 28
52 51 36
45 44 29
53 52 37
45 30 31
58 57 42
66 65 50
59 58 43
67 66 51
60 59 44
68 67 52
61 60 45
69 68 53
61 46 47
63 62 47
56 55 40
64 63 48
57 56 41
64 49 50
76 61 62
78 77 62
71 70 55
79 78 63
72 71 56
79 64 65
73 72 57
81 80 65
73 58 59
81 66 67
75 74 59
82 67 68
76 75 60
84 83 68
95 80 81
88 73 74
97 96 81
90 89 74
97 82 83
90 75 76
99 98 83
92 91 76
93 92 77
86 85 70
94 93 78
87 86 71
94 79 80
88 87 72
108 107 92
101 100 85
109 108 93
102 101 86
109 94 95
102 87 88
110 95 96
104 103 88
112 111 96
105 104 89
113 112 97
105 90 91
113 98 99
107 106 91
126 111 112
120 119 104
127 112 113
120 105 106
128 113 114
122 121 106
122 107 108
116 115 100
124 123 108
117 116 101
124 109 110
118 117 102
126 125 110
119 118 103
130 115 116
139 138 123
132 131 116
139 124 125
133 132 117
141 140 125
133 118 119
141 126 127
135 134 119
143 142 127
135 120 121
143 128 129
137 136 121
138 137 122
150 149 134
157 142 143
150 135 136
159 158 143
152 151 136
153 152 137
146 145 130
154 153 138
146 131 132
154 139 140
148 147 132
156 155 140
149 148 133
157 156 141
169 168 153
162 161 146
169 154 155
163 162 147
171 170 155
163 148 149
171 156 157
165 164 149
173 172 157
165 150 151
174 173 158
167 166 151
167 152 153
161 160 145
188 187 172
180 165 166
188 173 174
182 181 166
183 182 167
176 175 160
184 183 168
177 176 161
185 184 169
178 177 162
186 185 170
179 178 163
186 171 172
180 179 164
192 191 176
199 184 185
192 177 178
201 200 185
193 178 179
201 186 187
195 194 179
203 202 187
195 180 181
203 188 189
197 196 181
197 182 183
191 190 175
199 198 183
211 195 196
220 219 203
213 212 196
214 213 197
207 206 190
215 214 198
207 191 192
215 199 200
209 208 192
217 216 200
210 209 193
217 201 202
211 210 194
219 218 202
230 215 216
224 223 208
232 231 216
225 224 209
233 232 217
226 225 210
234 233 218
226 211 212
234 219 220
228 227 212
229 228 213
222 221 206
230 229 214
223 222 207
249 234 235
243 242 227
244 243 228
237 236 221
245 244 229
237 222 223
245 230 231
238 223 224
247 246 231
240 239 224
247 232 233
241 240 225
249 248 233
241 226 227
262 261 246
254 239 240
263 262 247
256 255 240
264 263 248
256 241 242
265 264 249
258 257 242
259 258 243
252 251 236
260 259 244
253 252 237
260 245 246
253 238 239
273 258 259
267 266 251
275 274 259
268 267 252
275 260 261
268 253 254
277 276 261
269 254 255
278 277 262
271 270 255
278 263 264
271 256 257
279 264 265
273 272 257
284 269 270
292 277 278
286 285 270
294 293 278
286 271 272
294 279 280
288 287 272
289 288 273
282 281 266
290 289 274
283 282 267
290 275 276
284 283 268
292 291 276
305 304 288
298 297 281
306 305 289
299 298 282
306 290 291
299 283 284
308 307 291
300 284 285
309 308 292
302 301 285
310 309 293
302 286 287
311 310 294
303 287 288
324 323 308
317 316 301
324 309 310
317 302 303
326 325 310
319 318 303
320 319 304
313 312 297
321 320 305
314 313 298
321 306 307
314 299 300
323 322 307
315 300 301
328 327 312
336 335 320
329 328 313
336 321 322
329 314 315
337 322 323
330 315 316
339 338 323
332 331 316
339 324 325
332 317 318
340 325 326
334 333 318
335 334 319
347 346 331
354 339 340
347 332 333
356 355 340
349 348 333
350 349 334
342 327 328
351 350 335
344 343 328
351 336 337
344 329 330
353 352 337
345 330 331
354 353 338
366 365 350
359 358 343
366 351 352
359 344 345
368 367 352
361 360 345
368 353 354
362 361 346
369 354 355
362 347 348
371 370 355
364 363 348
364 349 350
357 342 343
384 369 370
377 362 363
386 385 370
379 378 363
379 364 365
372 357 358
381 380 365
374 373 358
381 366 367
374 359 360
383 382 367
375 360 361
384 383 368
377 376 361
396 381 382
389 374 375
398 397 382
391 390 375
399 398 383
392 391 376
399 384 385
392 377 378
401 400 385
394 393 378
395 394 379
388 387 372
396 395 380
389 388 373
416 415 400
409 408 393
409 394 395
403 402 387
411 410 395
403 388 389
411 396 397
404 389 390
413 412 397
405 390 391
414 413 398
407 406 391
414 399 400
407 392 393
420 419 404
428 427 412
420 405 406
429 428 413
422 421 406
430 429 414
422 407 408
431 430 415
424 423 408
424 409 410
418 417 402
426 425 410
419 418 403
426 411 412
438 423 424
440 439 424
433 432 417
441 440 425
434 433 418
441 426 427
435 434 419
443 442 427
435 420 421
443 428 429
437 436 421
445 444 429
437 422 423
446 445 430
458 457 442
450 435 436
459 458 443
452 451 436
460 459 444
452 437 438
461 460 445
454 453 438
455 454 439
447 432 433
456 455 440
448 433 434
456 441 442
449 434 435
470 469 454
463 462 447
471 470 455
464 463 448
471 456 457
465 464 449
473 472 457
465 450 451
474 473 458
467 466 451
475 474 459
467 452 453
475 460 461
469 468 453
3 465 466
9 479 473
4 466 467
480 9 474
5 467 468
481 480 475
6 468 469
8 7 469
0 462 463
477 8 470
1 463 464
477 471 472
2 464 465
479 478 472

Texture Indices Data:

2 1 0
5 4 3
7 6 2
9 8 5
11 10 7
13 12 9
15 14 11
17 16 13
20 19 18
14 15 21
23 22 17
25 24 18
27 26 23
29 24 28
0 30 27
3 31 28
30 32 26
31 33 29
34 32 1
4 35 31
6 36 1
8 37 4
10 38 6
12 39 8
14 40 10
16 41 12
43 42 20
40 14 44
45 41 22
24 46 20
47 45 26
29 48 24
40 49 38
41 50 39
52 51 43
49 40 53
45 54 41
46 55 43
47 56 45
48 57 46
58 56 32
33 59 48
60 58 34
35 61 33
36 62 34
37 63 35
38 64 36
65 63 39
59 66 57
60 67 58
61 68 59
62 69 60
63 70 61
64 71 62
65 72 63
49 73 64
74 72 50
76 75 52
73 49 77
54 78 50
55 79 52
56 80 54
57 81 55
82 80 58
84 83 74
86 85 76
88 73 87
78 89 74
79 90 76
80 91 78
81 92 79
93 91 82
66 94 81
67 95 82
96 94 68
97 95 69
70 98 68
99 97 71
72 83 70
73 88 71
101 100 95
103 102 96
97 104 95
98 105 96
106 104 99
107 105 83
88 108 99
84 109 83
111 110 86
108 88 112
89 113 84
90 114 86
91 115 89
92 116 90
100 115 93
94 102 92
118 108 117
113 119 109
114 120 111
115 121 113
116 122 114
123 121 100
124 122 102
125 123 101
103 126 102
104 127 101
105 128 103
106 129 104
130 128 107
118 129 108
109 131 107
133 132 111
135 134 127
128 136 126
137 135 129
138 136 130
139 137 118
131 140 130
142 141 133
139 118 143
144 140 119
120 145 133
121 146 119
122 147 120
148 146 123
124 149 122
125 134 123
126 150 124
152 151 145
146 153 144
147 154 145
155 153 148
149 156 147
134 157 148
158 156 150
159 157 135
136 160 150
137 161 135
162 160 138
163 161 139
140 164 138
151 165 142
163 139 166
144 167 140
160 168 158
170 169 161
171 168 162
163 172 161
164 173 162
175 174 151
172 163 176
167 177 164
152 178 151
153 179 167
180 178 154
181 179 155
156 182 154
157 183 155
158 184 156
159 169 157
179 185 177
180 186 178
187 185 181
182 188 180
183 189 181
190 188 184
191 189 169
168 192 184
170 193 169
194 192 171
172 195 170
173 196 171
198 197 175
195 172 199
200 196 177
178 201 175
193 202 191
204 203 194
205 202 195
196 206 194
208 207 198
205 195 209
200 210 196
201 211 198
185 212 200
186 213 201
187 214 185
188 215 186
189 216 187
190 217 188
218 216 191
192 203 190
213 219 211
221 220 214
222 219 215
216 223 214
224 222 217
225 223 218
203 226 217
202 227 218
228 226 204
229 227 205
206 230 204
232 231 208
229 205 233
234 230 210
211 235 208
212 220 210
237 236 228
229 238 227
230 239 228
241 240 232
238 229 242
234 243 230
235 244 232
220 245 234
246 244 219
247 245 221
222 248 219
223 249 221
224 250 222
251 249 225
226 236 224
227 252 225
254 253 247
248 255 246
249 256 247
250 257 248
251 258 249
236 259 250
252 260 251
261 259 237
262 260 238
239 263 237
265 264 241
262 238 266
243 267 239
244 268 241
245 253 243
246 269 244
271 270 262
263 272 261
274 273 265
271 262 275
267 276 263
268 277 265
253 278 267
279 277 269
280 278 254
281 279 255
256 282 254
257 283 255
284 282 258
259 285 257
260 270 258
286 285 261
282 287 280
289 288 283
284 290 282
285 291 283
270 292 284
293 291 286
271 294 270
272 295 286
297 296 274
294 271 298
276 299 272
277 300 274
278 301 276
279 302 277
303 301 280
288 302 281
305 304 297
307 294 306
309 308 299
300 310 297
301 311 299
302 312 300
313 311 303
314 312 288
287 315 303
316 314 289
290 317 287
291 318 289
319 317 292
320 318 293
307 319 294
295 308 293
322 321 316
324 323 317
318 325 316
319 326 317
327 325 320
328 326 307
308 329 320
331 330 305
328 307 332
309 333 308
310 334 305
311 335 309
312 336 310
337 335 313
314 321 312
315 323 313
333 338 329
334 339 331
335 340 333
336 341 334
342 340 337
343 341 321
323 344 337
345 343 322
324 346 323
325 347 322
326 348 324
349 347 327
328 350 326
351 349 329
353 352 331
350 328 354
346 355 344
347 356 345
357 355 348
358 356 349
350 359 348
351 360 349
362 361 353
359 350 363
338 364 351
339 365 353
340 366 338
341 367 339
368 366 342
369 367 343
344 370 342
371 369 345
365 372 362
366 373 364
367 374 365
375 373 368
376 374 369
377 375 370
378 376 371
355 379 370
356 380 371
381 379 357
382 380 358
383 381 359
360 384 358
386 385 362
383 359 387
364 388 360
380 389 378
391 390 381
392 389 382
383 393 381
384 394 382
396 395 386
393 383 397
388 398 384
399 396 372
373 400 388
374 401 372
402 400 375
403 401 376
377 404 375
405 403 378
379 390 377
400 406 398
401 407 399
408 406 402
409 407 403
404 410 402
405 411 403
412 410 390
389 413 405
414 412 391
415 413 392
393 416 391
394 417 392
419 418 396
416 393 420
421 417 398
422 419 399
425 424 423
428 427 426
430 429 423
432 431 426
435 434 433
429 430 436
438 431 437
440 435 439
442 441 437
444 443 439
446 441 445
448 443 447
450 449 445
452 448 451
453 424 450
454 427 451
456 455 446
458 457 448
449 459 446
452 460 448
424 461 449
427 462 452
463 461 425
464 462 428
429 465 425
431 466 428
468 467 435
465 429 469
438 470 431
440 471 435
441 455 438
443 457 440
465 472 463
466 473 464
475 474 468
472 465 476
477 473 470
471 478 468
455 479 470
480 478 457
481 479 456
482 480 458
459 483 456
484 482 460
461 485 459
462 486 460
487 485 463
488 486 464
482 489 480
483 490 481
491 489 484
485 492 483
486 493 484
487 494 485
495 493 488
472 496 487
473 497 488
499 498 475
496 472 500
501 497 477
478 502 475
479 503 477
480 504 478
505 503 481
507 506 497
509 508 499
511 496 510
501 512 497
502 513 499
503 514 501
504 515 502
516 514 505
489 517 504
490 518 505
519 517 491
520 518 492
493 521 491
494 522 492
506 521 495
496 511 494
518 523 516
525 524 519
520 526 518
521 527 519
522 528 520
529 527 506
511 530 522
507 531 506
533 532 509
530 511 534
512 535 507
536 533 513
514 537 512
538 536 515
539 537 516
524 538 517
541 540 533
543 530 542
535 544 531
536 545 533
537 546 535
538 547 536
548 546 539
524 549 538
523 550 539
551 549 525
526 552 523
527 553 525
528 554 526
555 553 529
543 554 530
531 556 529
5 3 551
552 7 550
9 5 553
554 11 552
13 9 555
543 15 554
17 13 556
18 557 541
15 543 558
544 23 556
25 18 545
546 27 544
28 25 547
0 27 548
3 28 549
550 2 548
1 30 0
4 31 3
6 1 2
8 4 5
10 6 7
12 8 9
14 10 11
16 12 13
22 16 17
24 20 18
26 22 23
24 25 28
30 26 27
31 29 28
32 47 26
33 48 29
32 30 1
35 33 31
36 34 1
37 35 4
38 36 6
39 37 8
40 38 10
41 39 12
41 16 22
46 43 20
45 22 26
48 46 24
49 64 38
50 65 39
54 50 41
55 52 43
56 54 45
57 55 46
56 47 32
59 57 48
58 32 34
61 59 33
62 60 34
63 61 35
64 62 36
63 37 39
66 81 57
67 82 58
68 66 59
69 67 60
70 68 61
71 69 62
72 70 63
73 71 64
72 65 50
78 74 50
79 76 52
80 78 54
81 79 55
80 56 58
83 72 74
89 84 74
90 86 76
91 89 78
92 90 79
91 80 82
94 92 81
95 93 82
94 66 68
95 67 69
98 96 68
97 69 71
83 98 70
88 99 71
100 93 95
102 94 96
104 101 95
105 103 96
104 97 99
105 98 83
108 106 99
109 107 83
113 109 84
114 111 86
115 113 89
116 114 90
115 91 93
102 116 92
119 131 109
120 133 111
121 119 113
122 120 114
121 115 100
122 116 102
123 100 101
126 124 102
127 125 101
128 126 103
129 127 104
128 105 107
129 106 108
131 130 107
134 125 127
136 150 126
135 127 129
136 128 130
137 129 118
140 138 130
140 131 119
145 142 133
146 144 119
147 145 120
146 121 123
149 147 122
134 148 123
150 149 124
151 142 145
153 167 144
154 152 145
153 146 148
156 154 147
157 155 148
156 149 150
157 134 135
160 158 150
161 159 135
160 136 138
161 137 139
164 162 138
167 164 140
168 184 158
169 159 161
168 160 162
172 170 161
173 171 162
177 173 164
178 175 151
179 177 167
178 152 154
179 153 155
182 180 154
183 181 155
184 182 156
169 183 157
185 200 177
186 201 178
185 179 181
188 186 180
189 187 181
188 182 184
189 183 169
192 190 184
193 191 169
192 168 171
195 193 170
196 194 171
196 173 177
201 198 175
202 218 191
203 192 194
202 193 195
206 204 194
210 206 196
211 208 198
212 210 200
213 211 201
214 212 185
215 213 186
216 214 187
217 215 188
216 189 191
203 217 190
219 235 211
220 212 214
219 213 215
223 221 214
222 215 217
223 216 218
226 224 217
227 225 218
226 203 204
227 202 205
230 228 204
230 206 210
235 232 208
220 234 210
236 226 228
238 252 227
239 237 228
243 239 230
244 241 232
245 243 234
244 235 219
245 220 221
248 246 219
249 247 221
250 248 222
249 223 225
236 250 224
252 251 225
253 245 247
255 269 246
256 254 247
257 255 248
258 256 249
259 257 250
260 258 251
259 236 237
260 252 238
263 261 237
267 263 239
268 265 241
253 267 243
269 268 244
270 260 262
272 286 261
276 272 263
277 274 265
278 276 267
277 268 269
278 253 254
279 269 255
282 280 254
283 281 255
282 256 258
285 283 257
270 284 258
285 259 261
287 303 280
288 281 283
290 287 282
291 289 283
292 290 284
291 285 286
294 292 270
295 293 286
299 295 272
300 297 274
301 299 276
302 300 277
301 278 280
302 279 281
308 295 299
310 305 297
311 309 299
312 310 300
311 301 303
312 302 288
315 313 303
314 288 289
317 315 287
318 316 289
317 290 292
318 291 293
319 292 294
308 320 293
321 314 316
323 315 317
325 322 316
326 324 317
325 318 320
326 319 307
329 327 320
333 329 308
334 331 305
335 333 309
336 334 310
335 311 313
321 336 312
323 337 313
338 351 329
339 353 331
340 338 333
341 339 334
340 335 337
341 336 321
344 342 337
343 321 322
346 344 323
347 345 322
348 346 324
347 325 327
350 348 326
349 327 329
355 370 344
356 371 345
355 346 348
356 347 349
359 357 348
360 358 349
364 360 351
365 362 353
366 364 338
367 365 339
366 340 342
367 341 343
370 368 342
369 343 345
372 386 362
373 388 364
374 372 365
373 366 368
374 367 369
375 368 370
376 369 371
379 377 370
380 378 371
379 355 357
380 356 358
381 357 359
384 382 358
388 384 360
389 405 378
390 379 381
389 380 382
393 391 381
394 392 382
398 394 384
396 386 372
400 398 388
401 399 372
400 373 375
401 374 376
404 402 375
403 376 378
390 404 377
406 421 398
407 422 399
406 400 402
407 401 403
410 408 402
411 409 403
410 404 390
413 411 405
412 390 391
413 389 392
416 414 391
417 415 392
417 394 398
419 396 399
424 453 423
427 454 426
429 425 423
431 428 426
431 432 437
435 433 439
441 438 437
443 440 439
441 442 445
443 444 447
449 446 445
448 447 451
424 449 450
427 452 451
455 441 446
457 443 448
459 456 446
460 458 448
461 459 449
462 460 452
461 424 425
462 427 428
465 463 425
466 464 428
470 466 431
471 468 435
455 470 438
457 471 440
472 487 463
473 488 464
473 466 470
478 475 468
479 477 470
478 471 457
479 455 456
480 457 458
483 481 456
482 458 460
485 483 459
486 484 460
485 461 463
486 462 464
489 504 480
490 505 481
489 482 484
492 490 483
493 491 484
494 492 485
493 486 488
496 494 487
497 495 488
497 473 477
502 499 475
503 501 477
504 502 478
503 479 481
506 495 497
512 507 497
513 509 499
514 512 501
515 513 502
514 503 505
517 515 504
518 516 505
517 489 491
518 490 492
521 519 491
522 520 492
521 493 495
511 522 494
523 539 516
524 517 519
526 523 518
527 525 519
528 526 520
527 521 506
530 528 522
531 529 506
535 531 507
533 509 513
537 535 512
536 513 515
537 514 516
538 515 517
544 556 531
545 541 533
546 544 535
547 545 536
546 537 539
549 547 538
550 548 539
549 524 525
552 550 523
553 551 525
554 552 526
553 527 529
554 528 530
556 555 529
3 549 551
7 2 550
5 551 553
11 7 552
9 553 555
15 11 554
13 555 556
23 17 556
18 541 545
27 23 544
25 545 547
27 546 548
28 547 549
2 0 548
