Vertex Count: 8
Indices Count: 36
Textures Count: 14

Vertex Indices Data:

0 2 4
3 7 2
7 5 6
5 7 1
1 3 0
5 1 4
2 6 4
7 6 2
5 4 6
7 3 1
3 2 0
1 0 4

Texture Indices Data:

2 1 0
4 3 1
7 6 5
10 9 8
8 4 2
6 8 11
1 12 0
3 13 1
6 11 5
9 4 8
4 1 2
8 2 11
Vertices Data:

1.0000 1.0000 1.0000 
1.0000 -1.0000 1.0000 
1.0000 1.0000 -1.0000 
1.0000 -1.0000 -1.0000 
-1.0000 1.0000 1.0000 
-1.0000 -1.0000 1.0000 
-1.0000 1.0000 -1.0000 
-1.0000 -1.0000 -1.0000 


Textures Data:

0.8750 0.5000 
0.6250 0.2500 
0.6250 0.5000 
0.3750 0.0000 
0.3750 0.2500 
0.6250 1.0000 
0.3750 0.7500 
0.3750 1.0000 
0.3750 0.5000 
0.1250 0.2500 
0.1250 0.5000 
0.6250 0.7500 
0.8750 0.2500 
0.6250 0.0000 
